ZScore	DIST
0.712886254	1
1.395860767	0
1.910262147	0
1.943875086	0
2.201369773	0
1.794393968	0
2.695265943	0
3.106596027	0
3.068023454	0
2.133729183	0
2.158396835	0
4.216682158	0
4.310440982	0
4.825334294	0
4.666432485	0
5.05638483	0
5.599596827	0
6.18527065	0
6.30037291	0
6.578663159	0
59.57119985	0
6.121969361	0
0.879359067	1
1.266210976	0
1.16294261	0
1.453901272	0
0.826107605	1
1.200188881	0
0.653466022	1
0.977547486	1
3.0951593	0
3.506225164	0
4.087092593	0
2.499059683	0
4.063401429	0
3.731194352	0
4.474662164	0
4.015204703	0
4.402010242	0
5.873696822	0
5.374425228	0
5.168988013	0
5.146878983	0
4.832474232	0
5.035768716	0
5.039496	0
2.691129399	0
3.646543054	0
3.269413275	0
3.600197977	0
1.692130815	0
1.645868973	0
1.059344218	1
-0.649786852	1
-0.83546767	1
6.360644922	0
6.311851752	0
5.601651584	0
5.762438571	0
5.41520216	0
5.153349136	0
2.460037329	0
3.059562594	0
2.385078284	0
0.257584501	1
0.453588237	1
4.360987119	0
2.19884138	0
3.028550399	0
4.497088543	0
3.314583414	0
3.489696982	0
3.69318724	0
3.151935615	0
2.713471524	0
2.723700921	0
2.994447364	0
1.594988812	0
1.595692658	0
1.658827417	0
1.616842566	0
1.991686598	0
2.393422058	0
3.088995633	0
1.754747665	0
1.232381722	0
-2.395202757	1
-1.740736109	1
-2.034089816	1
-1.027655583	1
-0.18453187	1
-0.406174201	1
-0.817752487	1
-1.360722669	1
0.524740993	1
0.85500587	1
1.938483206	0
2.294206257	0
5.81483389	0
6.351242825	0
6.983432627	0
7.356729557	0
6.593124794	0
6.913579839	0
7.67712684	0
7.101166057	0
7.108329137	0
7.569573698	0
7.027433354	0
2.979350209	0
3.067858824	0
2.537103517	0
2.267088298	0
2.643476584	0
2.99901234	0
1.367100108	0
1.874766642	0
1.402444119	0
1.583225868	0
2.086169942	0
3.495705275	0
3.40218434	0
3.066974001	0
3.431469712	0
4.216957375	0
3.776300795	0
4.606898196	0
2.91178712	0
1.879634778	0
1.260782927	0
-1.129101217	1
3.382813753	0
2.788065228	0
4.016150595	0
4.117904363	0
3.763310727	0
4.248124682	0
4.529153059	0
4.638945086	0
0.168201906	1
2.471349079	0
3.160020338	0
1.570388107	0
0.937319058	1
1.079853996	1
0.733068402	1
-0.225015883	1
-1.907025816	1
0.279853479	1
0.514498024	1
0.940401036	1
-0.429577297	1
1.814928195	0
4.050002543	0
4.253214903	0
4.86869897	0
5.510140034	0
4.676304815	0
4.43611284	0
5.139016777	0
4.339802543	0
4.266110083	0
3.767244514	0
3.334743751	0
2.433559377	0
2.769457225	0
2.710753923	0
2.227943795	0
2.307209006	0
2.020234683	0
2.482576761	0
2.67847222	0
2.700284941	0
2.111200796	0
2.964902115	0
-1.471238214	1
1.737495857	0
2.614017914	0
0.324127156	1
0.694673526	1
0.828917167	1
3.07176942	0
4.797782706	0
5.484405371	0
7.166459791	0
5.857884047	0
7.36763174	0
8.023913371	0
6.812972188	0
7.635512922	0
8.270702565	0
7.161538044	0
5.304080131	0
4.776309111	0
4.26330937	0
5.500255425	0
6.885396874	0
7.445123133	0
6.81639088	0
5.778267658	0
5.010867662	0
4.04244538	0
3.894289312	0
4.483320925	0
3.481280145	0
2.155565629	0
2.212218829	0
3.160363512	0
2.819369732	0
3.873876354	0
3.782585457	0
2.941444474	0
3.436739516	0
3.013168037	0
3.475642069	0
-0.31300027	1
-0.445754253	1
-0.514008983	1
-0.863179332	1
-0.715433635	1
-0.155758409	1
0.486925101	1
0.612282537	1
1.127137238	0
5.523760227	0
4.925888439	0
5.381200411	0
6.049781196	0
6.033432682	0
6.075506573	0
4.413786791	0
4.430351953	0
4.047639349	0
4.813948663	0
4.479134349	0
3.900264689	0
3.957663429	0
4.085057648	0
3.527526778	0
3.542400416	0
3.683398944	0
3.679532396	0
3.217181487	0
3.425583111	0
3.815479531	0
4.111698705	0
3.485014104	0
1.636032689	0
2.04725385	0
2.494335509	0
1.765728115	0
2.626340108	0
3.125243428	0
3.093881036	0
3.160626935	0
2.97776254	0
2.555614916	0
8.420900456	0
7.400149076	0
7.987700265	0
7.494851505	0
7.80116773	0
7.835621799	0
8.200077087	0
6.099261263	0
10.60819954	0
10.27043567	0
8.070641582	0
7.648581811	0
5.353017192	0
3.795374159	0
3.281149207	0
3.222390203	0
2.935368188	0
3.30959507	0
3.772688969	0
3.710109323	0
4.373256488	0
5.030205332	0
4.761568692	0
4.18929763	0
4.132530174	0
3.755563747	0
4.146115919	0
4.003671671	0
4.406809545	0
3.17096623	0
3.357077003	0
2.999670559	0
3.416573503	0
3.915674568	0
3.858512211	0
3.009757002	0
3.283947413	0
3.791967875	0
4.12051838	0
2.096316857	0
2.124919879	0
1.903060072	0
1.742155669	0
2.203623579	0
3.163125067	0
3.370517797	0
2.666362738	0
2.835657926	0
3.437566589	0
3.829169288	0
3.071790857	0
0.90868093	1
2.562073309	0
2.832183112	0
2.795396859	0
3.549514655	0
2.708874444	0
1.746895962	0
1.475202761	0
1.459968313	0
1.109425913	0
2.940835057	0
2.523988405	0
2.695510771	0
3.234125064	0
4.113964553	0
4.030739749	0
4.181210037	0
4.43453661	0
4.893993953	0
5.182563943	0
5.69119721	0
2.405410178	0
1.797895173	0
2.309888421	0
2.346531214	0
2.386095602	0
3.480708556	0
3.700798748	0
4.142719721	0
2.948766581	0
3.139952102	0
3.272577263	0
3.912979404	0
4.167325757	0
4.125849703	0
4.134541488	0
4.193025273	0
3.612961374	0
3.455656695	0
4.021350278	0
3.89709598	0
3.60758827	0
4.042914735	0
2.286904159	0
1.424197375	0
1.878300761	0
2.065368938	0
2.120477753	0
2.883677036	0
2.102679567	0
1.558319512	0
1.813391155	0
1.927415448	0
2.164167738	0
3.297457278	0
3.519218116	0
3.343411909	0
3.749771914	0
3.946043766	0
3.719186527	0
3.614955739	0
3.086676738	0
3.360218415	0
3.269979403	0
2.873589643	0
2.533591168	0
2.463737702	0
2.42592447	0
1.528290505	0
1.843645185	0
0.897830221	1
0.694595164	1
0.842052568	1
1.61957525	0
1.863096272	0
1.597089364	0
1.381781519	0
1.148390593	0
1.858616897	0
4.671863563	0
4.745516543	0
2.71527258	0
2.465949987	0
2.726339197	0
3.362666365	0
4.37822188	0
2.941419266	0
3.042681899	0
3.599852722	0
3.644101242	0
4.970858252	0
2.924683896	0
2.31243768	0
1.70971229	0
1.558338697	0
0.618537575	1
-0.023331978	1
-0.816596804	1
-0.236521004	1
-0.348159696	1
-0.054408091	1
3.96322154	0
3.933984915	0
3.442524013	0
3.39937588	0
3.220607708	0
4.164742624	0
4.189910743	0
4.187414119	0
4.564034034	0
4.822067726	0
5.27061648	0
6.154705141	0
5.282814438	0
5.471260466	0
4.840935705	0
4.534316928	0
6.001560324	0
5.935682808	0
6.108987533	0
5.962591117	0
6.750367512	0
6.833209876	0
6.118644314	0
6.386549677	0
6.206970099	0
6.165482536	0
5.002092532	0
4.996323478	0
4.758341363	0
4.02310361	0
4.705019642	0
4.310236932	0
3.760417182	0
3.336000551	0
2.939810147	0
2.948685036	0
4.432870336	0
4.568162749	0
3.919536349	0
4.406446677	0
5.292381691	0
4.457987622	0
0.603802252	1
2.490378291	0
4.391200147	0
2.916462162	0
2.8831235	0
4.58198231	0
3.630490897	0
3.529932572	0
3.207837564	0
3.144032374	0
3.09090562	0
1.572389732	0
2.435364044	0
1.181275017	0
0.998199317	1
1.364602901	0
2.081907135	0
2.104125555	0
2.243218855	0
6.10103706	0
5.28182795	0
4.855770036	0
2.617611004	0
3.410432365	0
3.689236998	0
3.187292345	0
3.314634593	0
3.558007303	0
3.690839003	0
3.890207747	0
4.31656821	0
4.436407836	0
3.954484244	0
1.651560337	0
2.971034368	0
3.467226322	0
2.37597565	0
2.617840994	0
2.766989142	0
2.672660399	0
2.790731875	0
2.850416505	0
2.598761864	0
2.634844161	0
1.523855109	0
2.593532838	0
2.6826711	0
2.467544397	0
3.054598675	0
3.136951009	0
2.779770092	0
2.302108927	0
2.14741033	0
2.272603439	0
2.959018104	0
1.677474099	0
1.964526143	0
2.326899936	0
1.827526492	0
1.908818229	0
2.281437508	0
1.710166932	0
3.660488919	0
4.02876882	0
4.1671372	0
3.676374719	0
0.738730322	1
-0.399438103	1
-1.157970035	1
-1.068617623	1
-1.305843457	1
-2.084039308	1
-3.760657907	1
-3.901404434	1
-3.536481215	1
-4.563110001	1
-4.045855556	1
2.777322556	0
3.414752035	0
3.654249324	0
3.777275857	0
4.394104993	0
4.55236998	0
4.105207795	0
3.931934199	0
3.966073858	0
4.391995648	0
4.288808392	0
2.885441046	0
2.516987362	0
3.272708394	0
3.150688959	0
3.479619757	0
2.064538013	0
2.867745331	0
2.786917807	0
2.394352594	0
2.763612659	0
3.078147012	0
-0.420227218	1
-0.054354783	1
0.983891427	1
1.209657161	0
1.306787094	0
1.372933201	0
0.965505392	1
0.768356673	1
-0.421716477	1
-0.298445901	1
-0.155204352	1
1.659809599	0
3.261337542	0
3.561885447	0
2.363473495	0
2.025475101	0
0.161433239	1
-0.624229227	1
-1.395747858	1
-1.876982545	1
1.895820682	0
1.881783817	0
-1.643676695	1
1.477782119	0
-1.434512539	1
-1.109867161	1
-1.250946616	1
-1.532516143	1
-1.247067839	1
-2.664656354	1
-2.337611171	1
-3.075154398	1
-5.107849651	1
1.889866747	0
2.312266809	0
1.215156833	0
1.868147893	0
2.012414859	0
1.835721866	0
2.043450757	0
2.075674237	0
3.219233821	0
1.153867422	0
2.328767052	0
3.891969404	0
3.99223931	0
3.64868152	0
2.589213801	0
1.481805053	0
1.673241803	0
2.070550095	0
1.406485517	0
1.234983475	0
0.632879147	1
2.048090932	0
3.828513117	0
4.440647487	0
4.696723004	0
4.254974366	0
4.454036382	0
5.487657026	0
4.906949105	0
4.476359111	0
5.224539845	0
5.874340186	0
3.119270483	0
4.045581309	0
3.914879259	0
3.925967458	0
3.854516985	0
3.923591362	0
4.161747399	0
4.450548914	0
5.083611671	0
5.106160629	0
3.044427925	0
2.664956935	0
3.205014448	0
3.648187678	0
3.034996484	0
3.348530865	0
3.52721743	0
3.230773652	0
2.849405741	0
3.588370345	0
3.76018812	0
3.254019541	0
3.709319226	0
3.852040202	0
3.500848881	0
4.158968698	0
4.269005685	0
4.844874228	0
3.535747319	0
3.311847227	0
1.391530017	0
1.362604485	0
5.656912736	0
5.977332244	0
5.932412805	0
6.227656314	0
5.981958173	0
6.293967805	0
5.437230587	0
4.13666378	0
4.187875394	0
4.546389086	0
5.249181312	0
2.900498753	0
2.278542169	0
2.833446008	0
3.166907691	0
3.650289346	0
3.452630646	0
3.024303386	0
4.667719485	0
4.23510235	0
4.189932452	0
1.417691538	0
2.711471003	0
2.659451023	0
2.084949156	0
1.698401992	0
2.330941415	0
2.355827874	0
2.396615752	0
2.00668631	0
2.303976709	0
2.026879603	0
1.695626057	0
3.203533512	0
4.409861679	0
5.135512789	0
5.109936559	0
5.29203328	0
5.770197182	0
6.792167431	0
6.235830845	0
6.05683487	0
7.228720401	0
2.613104734	0
3.206110018	0
2.708711002	0
2.724358918	0
3.168662219	0
3.416853581	0
4.172573108	0
4.186939953	0
4.77687416	0
4.547457998	0
4.753615052	0
3.695760862	0
3.972338971	0
3.953411865	0
4.013383712	0
4.172905303	0
3.923015955	0
4.325467764	0
4.910305774	0
4.762551795	0
3.19647821	0
3.263280362	0
2.990209618	0
3.753794325	0
3.859887831	0
3.535685404	0
4.573208516	0
4.624914242	0
4.538058249	0
4.797282931	0
4.919199847	0
5.386309023	0
6.127091047	0
1.800777472	0
2.201664042	0
1.670682708	0
1.262599017	0
1.010813224	1
1.485826683	0
2.339717289	0
2.312577345	0
2.467803551	0
1.803096622	0
2.589086381	0
6.639729648	0
8.083252447	0
3.834127953	0
3.9840779	0
4.177501784	0
4.407460914	0
4.484939622	0
3.94657032	0
4.886448415	0
5.040534221	0
5.057137317	0
3.019593998	0
2.065761555	0
2.405195457	0
3.280184621	0
3.113908885	0
3.241460584	0
3.488096905	0
3.4863528	0
2.746181293	0
3.195065326	0
3.359168261	0
1.857157132	0
1.854030874	0
2.200469665	0
2.586645262	0
2.652714612	0
2.396027178	0
2.318292576	0
2.396328576	0
2.338464506	0
2.311543465	0
2.387567179	0
2.399847535	0
1.56337464	0
2.009257449	0
2.936954614	0
2.051988276	0
3.510530947	0
4.341758031	0
3.654001654	0
3.312948412	0
3.742037662	0
3.737778552	0
3.561536947	0
4.494859661	0
4.646957229	0
4.479178251	0
4.141726266	0
6.664243057	0
4.578104061	0
4.701500742	0
4.796483043	0
4.384640165	0
4.267589358	0
2.473824908	0
2.223311603	0
1.79109092	0
1.236156045	0
1.441649943	0
1.787741173	0
1.711471298	0
1.437649083	0
2.415821392	0
2.404182926	0
3.005722348	0
3.761788787	0
3.226744649	0
3.611717646	0
4.060865745	0
4.280645279	0
4.208184956	0
4.147304687	0
4.778055721	0
4.909641464	0
5.522642254	0
4.327339209	0
4.112323372	0
4.587222603	0
4.712280104	0
5.006266911	0
5.64721629	0
5.536932443	0
4.948910389	0
5.004970193	0
5.225094872	0
4.615650551	0
3.664688544	0
3.86390954	0
3.032198754	0
2.97167145	0
3.454023183	0
3.807818965	0
3.62456697	0
4.607833254	0
4.532223023	0
4.068459224	0
4.139716603	0
0.592009429	1
1.185195984	0
0.601175102	1
0.19141125	1
0.193756014	1
1.256516374	0
0.616245522	1
0.913125779	1
0.810782969	1
1.339732066	0
1.470269835	0
2.299919024	0
2.985485023	0
3.780014683	0
4.051850413	0
4.03462055	0
4.581000744	0
3.662769688	0
4.272697847	0
4.024045252	0
4.233224101	0
3.453506536	0
2.799699051	0
2.680069146	0
2.978269627	0
2.946535061	0
3.306630743	0
4.005894476	0
4.197898921	0
4.264883305	0
4.698636606	0
5.114533991	0
4.283054563	0
1.781581233	0
2.611096248	0
2.733837517	0
2.715675088	0
3.017996274	0
3.302521735	0
3.73917198	0
3.903984126	0
3.996059444	0
4.464731512	0
4.481447021	0
1.781567774	0
1.400865815	0
1.711059727	0
2.568551021	0
1.46043673	0
2.274926922	0
2.072727606	0
1.828110124	0
1.84713557	0
1.962362894	0
1.702690618	0
2.47815832	0
2.300377314	0
2.759843793	0
3.341002345	0
2.195622413	0
2.822935903	0
3.125792117	0
2.948194015	0
2.452944513	0
2.687453107	0
2.588905639	0
3.352952589	0
2.475191802	0
3.384857263	0
3.818555216	0
3.400682766	0
3.969152552	0
4.272702003	0
3.746539946	0
4.077344991	0
3.964910874	0
4.128789445	0
4.444879452	0
2.621327749	0
2.334080516	0
3.061215203	0
2.987473753	0
3.612932006	0
2.974042081	0
2.817199081	0
2.368340802	0
2.781306608	0
2.867910787	0
3.688599848	0
3.495469667	0
3.527768948	0
4.451500865	0
3.930515813	0
4.401436696	0
4.619814926	0
4.863179975	0
4.072932542	0
4.319758176	0
2.836858728	0
3.930295529	0
3.123437843	0
1.681035089	0
1.933673165	0
1.317529335	0
1.567678857	0
1.694395839	0
1.326126954	0
1.626444143	0
1.647505764	0
1.767479944	0
3.347011437	0
3.102931208	0
2.741172181	0
2.991232795	0
2.276672742	0
2.806511907	0
3.085513195	0
2.631048418	0
2.010665872	0
2.427859974	0
2.548789579	0
4.235287563	0
3.289348229	0
3.125578946	0
3.583128221	0
2.901787535	0
2.75609026	0
2.925166904	0
2.851259808	0
2.576886591	0
2.9095773	0
3.434802409	0
2.651286451	0
2.442839685	0
3.374239344	0
4.129947897	0
2.890078526	0
3.301923355	0
3.615184972	0
3.668889533	0
3.39509837	0
3.945026857	0
4.293884963	0
6.240371123	0
5.214369115	0
6.511275136	0
8.013066607	0
4.716686011	0
4.636896839	0
5.378959087	0
4.018703805	0
3.546577516	0
4.64771812	0
2.708086933	0
3.10457369	0
3.193910124	0
3.932848587	0
3.863161003	0
4.11959942	0
4.193241498	0
4.198823714	0
4.000784007	0
3.380975193	0
3.515913688	0
4.917092374	0
4.511147486	0
4.392535739	0
4.618670919	0
3.354749555	0
3.92813418	0
4.073382952	0
3.765722597	0
2.945624848	0
2.355805206	0
3.163437672	0
6.232853137	0
4.091799811	0
4.681667101	0
4.966644407	0
4.951552651	0
4.656041847	0
4.832583884	0
5.19322935	0
5.218554223	0
5.506083687	0
6.45057658	0
4.990142455	0
3.856707323	0
5.398592381	0
3.4531208	0
3.351609377	0
4.068300231	0
4.388358367	0
4.682222947	0
3.686698229	0
2.768274683	0
0.764440642	1
4.947207848	0
5.005539393	0
5.405228971	0
5.823022399	0
5.785651289	0
5.501049572	0
5.940205599	0
6.517615314	0
6.47691223	0
6.684518163	0
6.20129662	0
4.735618326	0
2.578014871	0
3.545406874	0
3.462903648	0
3.354112317	0
3.595930223	0
4.288454034	0
4.472171809	0
4.315046443	0
3.953163934	0
4.188464467	0
4.205091632	0
4.42548467	0
5.042612406	0
4.409146905	0
4.255928784	0
4.433355593	0
4.82100992	0
4.941625068	0
5.377603235	0
5.682791618	0
4.392721313	0
3.673798378	0
2.824047115	0
2.968962237	0
3.734829148	0
2.445844333	0
3.493206711	0
3.760392064	0
3.388752884	0
2.37062212	0
3.226840188	0
2.709062099	0
6.500000817	0
2.985015182	0
2.840083753	0
3.296490471	0
2.957558776	0
3.607852474	0
4.247450359	0
3.64248428	0
4.306088474	0
4.649025345	0
4.919541387	0
1.995086205	0
1.236641285	0
1.774028593	0
2.838599131	0
1.495124432	0
2.852285717	0
3.321022077	0
4.0106783	0
3.638002642	0
4.47153252	0
4.857399631	0
-1.314728403	1
0.627808883	1
1.0608264	1
1.348046077	0
1.365719871	0
1.922174461	0
2.368271549	0
2.484849635	0
2.436876973	0
3.035904614	0
2.513839868	0
5.106143247	0
3.337362968	0
3.852076323	0
4.016794864	0
3.45390893	0
3.887510232	0
4.324117371	0
4.365401403	0
4.229768756	0
4.896598057	0
5.700145155	0
-0.141650316	1
3.425627684	0
3.727250355	0
2.803055408	0
3.75207825	0
3.876660127	0
3.435420796	0
3.172962728	0
3.858843542	0
4.38814045	0
3.82735009	0
4.806584792	0
5.904150977	0
7.211102803	0
7.883607074	0
8.525957658	0
10.64841338	0
10.894092	0
6.26938259	0
6.42951268	0
7.188320785	0
6.882650872	0
3.796978359	0
4.118897503	0
3.809500199	0
3.55860891	0
3.871590341	0
4.197270565	0
4.163031917	0
4.609287618	0
4.60127988	0
4.702402457	0
4.500557771	0
3.564911665	0
3.995382867	0
3.344629107	0
3.541567234	0
3.797438962	0
4.104474717	0
4.272474612	0
4.252297617	0
4.303062453	0
4.417548972	0
4.369722626	0
1.986623752	0
1.544394882	0
1.679861747	0
1.268352015	0
1.341815678	0
1.870461683	0
2.467794635	0
1.986817747	0
1.277167655	0
1.968825163	0
2.348271684	0
5.198098106	0
4.052211501	0
4.278388714	0
4.289076582	0
4.306329653	0
4.085290602	0
4.540843033	0
4.119982799	0
3.833667661	0
4.01052971	0
2.197361096	0
2.176884049	0
1.739842665	0
1.923921353	0
1.860916275	0
3.825340981	0
2.095797439	0
3.774073268	0
3.413808423	0
3.511241209	0
3.095903731	0
4.699916583	0
4.503809215	0
3.058633197	0
4.528504926	0
4.848129157	0
5.373345383	0
5.965154213	0
5.668432665	0
5.68867544	0
5.550374109	0
5.757015527	0
2.96641265	0
3.384661479	0
3.525300238	0
3.300382155	0
3.353311508	0
3.318475627	0
4.11200418	0
3.707799022	0
3.836818574	0
4.073731541	0
4.26028077	0
3.166204008	0
4.054389765	0
4.236624459	0
3.695895131	0
4.121754249	0
3.683951128	0
3.765464482	0
4.22482325	0
4.314257976	0
4.513570815	0
3.189269854	0
3.095674642	0
2.909464748	0
3.451536192	0
3.881930818	0
3.673621902	0
4.014818057	0
4.391593174	0
4.608432943	0
4.054384146	0
4.275095655	0
4.705102677	0
0.99114997	1
2.901370552	0
2.536462979	0
2.44129592	0
2.831020452	0
3.502768971	0
3.546398393	0
3.412394137	0
3.588425079	0
4.039706945	0
3.827867956	0
2.83167835	0
2.82146668	0
2.779096624	0
3.264157647	0
2.916970536	0
3.123464269	0
3.374659567	0
3.543774705	0
3.317154153	0
4.258082685	0
4.402238503	0
1.860641965	0
2.554272696	0
3.43364348	0
3.453043053	0
1.689837411	0
1.573782276	0
1.009094245	1
1.453268642	0
1.76553764	0
1.788399672	0
2.27639647	0
1.433275496	0
3.069294709	0
1.488183375	0
2.58729817	0
2.837746703	0
2.269446839	0
1.863901274	0
2.428668431	0
2.618503075	0
3.089262559	0
1.639733942	0
3.038899062	0
4.013323804	0
4.263617432	0
4.275796169	0
4.369300195	0
2.300423407	0
2.148697502	0
1.990070839	0
2.426214137	0
2.74577997	0
2.490261752	0
2.695136883	0
1.918376823	0
2.504917045	0
3.005506965	0
2.544395582	0
3.109628309	0
3.603539304	0
3.087813584	0
4.329451765	0
3.49579563	0
3.900167595	0
3.112754532	0
2.200958087	0
3.32998899	0
3.803341973	0
3.076228806	0
3.806646305	0
3.925983204	0
3.751208439	0
3.345922725	0
3.564471095	0
3.925035486	0
5.635471315	0
6.792676486	0
7.2007682	0
6.684550187	0
5.735535142	0
5.038016728	0
4.588628416	0
4.576008894	0
4.267952814	0
4.568565231	0
3.813527745	0
3.177213096	0
4.522167534	0
4.527243174	0
3.907598937	0
4.11826026	0
4.851183905	0
4.28199539	0
4.386496949	0
4.688886538	0
3.814915543	0
3.191360255	0
0.676226298	1
1.05128453	1
2.130159348	0
2.277598597	0
1.635479558	0
2.125585674	0
1.881608459	0
1.510697367	0
0.979547051	1
1.230726931	0
3.505548924	0
4.094246826	0
2.787382213	0
3.489631904	0
-9.749931519	1
3.350864427	0
3.694681561	0
4.070948142	0
3.962049261	0
3.299810855	0
3.883777787	0
4.017832104	0
0.691098454	1
2.495108965	0
2.710933418	0
2.271817424	0
2.748484859	0
3.491977635	0
3.301038502	0
3.178524867	0
3.278385232	0
3.544613225	0
3.325904916	0
1.47941781	0
2.265764381	0
2.099719438	0
2.156893861	0
2.374707929	0
2.852256307	0
2.660824048	0
2.730796811	0
2.86963921	0
3.151130536	0
2.86390566	0
2.762807728	0
2.967096616	0
3.197737055	0
2.666146181	0
2.370170389	0
2.761711228	0
2.523995875	0
2.564399887	0
2.696573065	0
2.964371628	0
2.755725668	0
2.744565678	0
3.232609695	0
3.377757838	0
3.468213419	0
3.85735536	0
4.723514036	0
4.84342367	0
3.891456783	0
4.023644516	0
3.496308848	0
3.64290688	0
1.176251448	0
3.389626815	0
3.137991939	0
1.989813652	0
3.270107817	0
4.175381412	0
3.592590592	0
3.866813159	0
4.194099395	0
4.28191537	0
4.085023694	0
-0.288647376	1
3.322822625	0
2.215262845	0
1.126546487	0
2.584499145	0
3.55815204	0
2.540687863	0
2.783237208	0
3.095854521	0
3.349944528	0
2.840405689	0
3.221928849	0
4.770683968	0
5.291822378	0
5.076041925	0
4.816170689	0
5.612459044	0
5.223792234	0
5.486541066	0
5.599245429	0
5.286473437	0
5.466846316	0
1.404447017	0
2.314495122	0
3.290581965	0
1.767658101	0
2.338197414	0
2.69827637	0
2.184811877	0
0.585503622	1
0.187387698	1
-0.322060185	1
-0.88057673	1
5.493582207	0
4.357161922	0
5.198662955	0
6.679795936	0
5.830159162	0
5.727085521	0
6.257533752	0
5.961237214	0
5.355153214	0
5.828654631	0
6.173347779	0
3.180592283	0
4.352735556	0
4.098589171	0
3.626706641	0
4.072184568	0
4.680644776	0
4.014035585	0
3.206757971	0
3.841698358	0
4.50007506	0
3.573530304	0
6.655598525	0
9.409651114	0
3.495458901	0
2.894289308	0
3.377936864	0
3.038043986	0
3.710482311	0
4.100053732	0
4.380151449	0
4.730207914	0
4.234003857	0
2.295203184	0
3.862064335	0
3.99548663	0
3.542668991	0
3.92316664	0
3.843813386	0
4.065847042	0
3.987117534	0
3.930957559	0
5.143553556	0
4.496748459	0
5.203703289	0
5.417566955	0
5.710771813	0
5.672327721	0
6.011980303	0
5.897904185	0
6.684423196	0
8.243493377	0
8.874963077	0
9.183443283	0
8.883146611	0
5.464093654	0
3.486598692	0
4.119049737	0
4.199998874	0
4.102209503	0
4.459678072	0
5.400345985	0
5.495474493	0
5.001564446	0
4.927174368	0
5.356955768	0
0.97400512	1
3.607720304	0
3.331167057	0
3.324230866	0
4.262118677	0
4.185600781	0
4.927654726	0
5.184540557	0
4.861596532	0
6.218330143	0
5.780960114	0
4.407365366	0
3.98291861	0
2.213242558	0
4.097598798	0
3.239832694	0
4.002382003	0
3.868391096	0
3.424618346	0
3.49321444	0
3.579825096	0
2.968088858	0
4.026667864	0
3.314180566	0
2.908559397	0
2.781153376	0
3.483998288	0
3.898315173	0
4.018955186	0
4.682384951	0
4.376632841	0
4.151217663	0
2.826079519	0
3.264302209	0
3.510032576	0
3.381778111	0
3.900288994	0
4.327362508	0
4.506891699	0
4.32007451	0
27.79905058	0
5.185122554	0
5.186347483	0
2.401324783	0
2.108607445	0
2.036132501	0
2.595884432	0
2.602085102	0
2.823901787	0
2.87617149	0
2.369038799	0
2.655621624	0
2.998049004	0
3.221271689	0
-0.114830885	1
0.616642631	1
1.210300975	0
0.732931799	1
1.658557695	0
2.038568229	0
1.602454182	0
1.587724247	0
1.824446456	0
1.872497799	0
1.620286519	0
3.003086952	0
2.988861253	0
2.067253752	0
2.750514293	0
3.17538993	0
3.264367878	0
3.366502453	0
2.939817111	0
3.548524393	0
3.612741899	0
3.55077622	0
3.044838672	0
2.292266774	0
3.157655425	0
3.600961086	0
3.401521563	0
3.81444927	0
4.230036664	0
4.98808767	0
4.119723486	0
4.918529106	0
5.024939978	0
3.113171861	0
1.763239209	0
1.658120808	0
1.736468181	0
2.156968976	0
2.089546341	0
2.026395958	0
0.991844043	1
1.938446803	0
1.859021163	0
1.952568929	0
2.855222673	0
1.898421367	0
2.907907741	0
3.084454725	0
2.753114357	0
2.892480447	0
2.382967337	0
2.512575189	0
2.643532303	0
1.408104257	0
2.392250528	0
4.125067694	0
3.888362025	0
3.695119244	0
4.069513776	0
4.593126441	0
4.558721461	0
4.516960283	0
4.337631539	0
4.648095314	0
4.12437912	0
4.590643745	0
3.831244808	0
4.340988765	0
4.927849621	0
4.861955707	0
5.944871974	0
6.611810721	0
6.835348687	0
7.288087485	0
7.586896641	0
7.541673592	0
4.244703424	0
2.697304311	0
3.36674978	0
3.78462055	0
3.124539145	0
3.418657992	0
3.290310907	0
3.109799997	0
2.769122979	0
3.736356704	0
3.136672682	0
3.915780463	0
4.791549998	0
2.500970871	0
2.178362147	0
2.593901477	0
2.881187228	0
2.977948263	0
2.934986436	0
2.823538282	0
2.68284562	0
3.97380121	0
5.417558522	0
7.12860229	0
6.112876064	0
3.750208709	0
4.010697238	0
4.018082886	0
4.444713887	0
4.25523384	0
4.820036606	0
4.752569848	0
4.481197951	0
3.402748839	0
1.568761243	0
2.09857221	0
2.356199069	0
2.71060858	0
3.15926203	0
3.527317822	0
2.545531795	0
2.865612142	0
2.695811902	0
2.701455784	0
7.070072073	0
6.899185807	0
4.335259592	0
4.29002931	0
4.350282375	0
4.821849689	0
4.518848651	0
5.124429711	0
4.935761212	0
3.62761608	0
4.119519374	0
2.592595196	0
2.032506962	0
1.96816855	0
2.34915119	0
2.776490745	0
3.033910728	0
2.814704215	0
2.517501995	0
2.179079789	0
2.841079212	0
2.724267394	0
4.547577842	0
4.520362945	0
3.411859573	0
2.867507243	0
4.447431837	0
5.440259916	0
4.476289226	0
4.556981705	0
5.579022905	0
4.893291318	0
4.652219152	0
2.096559061	0
2.689484191	0
2.768158811	0
2.283731181	0
2.455353862	0
2.692139208	0
2.744735164	0
3.036679358	0
3.429137963	0
3.394179579	0
3.185604314	0
2.359537044	0
2.987822542	0
1.47122365	0
1.085354202	1
1.140466887	0
1.7302368	0
2.472082219	0
2.132710385	0
2.531256831	0
1.341186373	0
1.353934042	0
4.260317161	0
4.842041848	0
5.761629668	0
5.540194118	0
5.965646477	0
6.832510186	0
6.885818126	0
6.941240734	0
7.731024366	0
7.957305386	0
7.634665895	0
2.419908636	0
2.794326535	0
2.8587765	0
2.381255078	0
3.037166996	0
3.571504214	0
3.562295791	0
2.595951804	0
3.230518889	0
3.982068581	0
3.652934968	0
2.397976609	0
5.221504443	0
5.116405976	0
4.813099931	0
4.636837032	0
5.315160085	0
4.541916713	0
5.190965853	0
5.259702954	0
5.86366872	0
4.965111837	0
4.582856844	0
3.158833778	0
3.284135857	0
4.034668837	0
3.639733852	0
4.305212586	0
4.851538517	0
4.085780713	0
3.06366302	0
3.235743888	0
3.977440776	0
2.161213578	0
3.866947139	0
4.3236687	0
3.863957388	0
3.576566272	0
4.591389182	0
3.777750035	0
3.779408825	0
3.918877788	0
3.948277955	0
3.486031382	0
4.01848498	0
3.236265536	0
4.086260564	0
4.875324149	0
4.22194841	0
5.295738562	0
5.920349166	0
5.278999536	0
5.157302065	0
5.93642421	0
6.057369729	0
4.626233398	0
3.412625345	0
1.216907331	0
-0.169845282	1
0.856493985	1
2.224414126	0
2.627787993	0
2.421144421	0
2.568767126	0
1.587369841	0
2.683064044	0
3.018707082	0
2.065023189	0
2.332712403	0
3.186443032	0
2.871138366	0
3.651002376	0
4.035485746	0
3.669637011	0
3.817591384	0
4.24679705	0
4.999666872	0
2.830353531	0
2.421258213	0
2.459138027	0
2.968518019	0
2.921562675	0
3.724778042	0
3.86950891	0
4.097874799	0
3.770401129	0
4.246614901	0
4.374303283	0
3.359294498	0
3.663897422	0
3.864114147	0
4.176639669	0
4.209369641	0
4.443864322	0
4.431677667	0
4.687123448	0
5.121098652	0
5.436447532	0
5.561817854	0
3.599168753	0
3.450674196	0
3.891255778	0
3.544178736	0
3.68973925	0
3.570292686	0
4.300730128	0
5.125799399	0
5.118845025	0
5.401858977	0
5.597872106	0
4.084358729	0
3.240610978	0
2.754085676	0
3.339719539	0
2.823267672	0
3.482648046	0
3.865619291	0
4.010409195	0
2.888049146	0
3.483676866	0
3.497510999	0
0.659825794	1
1.785083709	0
2.603819207	0
3.561430525	0
2.958079038	0
3.217964499	0
3.230957742	0
4.433721897	0
6.097177591	0
6.497820138	0
2.429494122	0
2.875448551	0
3.133270338	0
3.246617258	0
3.322318095	0
3.75374415	0
3.77547549	0
3.552186358	0
3.563512012	0
3.881746466	0
4.082756991	0
4.286323879	0
4.203721406	0
5.030861229	0
6.154133393	0
6.104846826	0
5.826352717	0
5.933801188	0
6.061395176	0
6.003392064	0
6.252604856	0
6.592336565	0
3.181897547	0
3.315108262	0
3.228963688	0
3.28384713	0
3.200454863	0
3.02024952	0
3.473353878	0
3.507330278	0
3.308404478	0
3.258600593	0
3.752836771	0
1.397692036	0
2.220248387	0
2.507084662	0
2.515249662	0
3.024540631	0
3.546959521	0
4.838276135	0
5.079652403	0
5.469656779	0
6.017697536	0
3.82735009	0
4.361019145	0
4.490916846	0
5.434026166	0
5.446187497	0
5.333435563	0
5.960339273	0
6.146348201	0
6.414476745	0
6.438837524	0
6.034284361	0
6.209393362	0
4.46250841	0
5.679488392	0
5.774045298	0
5.691938646	0
5.991170401	0
6.404599501	0
6.494819332	0
6.183211232	0
6.621300267	0
6.557874537	0
5.380715948	0
5.510175109	0
6.35900008	0
6.225086396	0
5.980531401	0
6.305292037	0
6.793101254	0
6.826207075	0
7.021171151	0
7.569807242	0
8.226123136	0
7.91469122	0
4.498870314	0
4.330923012	0
5.093758724	0
5.403831927	0
5.664526937	0
6.271470665	0
6.237147603	0
6.491085435	0
6.149162323	0
6.340234843	0
6.697015999	0
2.355802778	0
3.724897415	0
3.699232401	0
2.302968004	0
2.422491194	0
3.161025317	0
2.960421302	0
3.568924279	0
3.659053259	0
4.183253444	0
4.117047845	0
3.614023194	0
3.841036061	0
3.829012504	0
4.324834911	0
3.985243148	0
3.057571155	0
3.480923991	0
4.949284592	0
5.653724489	0
6.05514487	0
5.122506568	0
0.893771647	1
3.542183818	0
2.893301146	0
3.364041318	0
3.276680307	0
3.900138813	0
3.548802382	0
3.566183628	0
3.848844405	0
4.041803368	0
3.792410035	0
6.251422745	0
6.417601542	0
5.918833525	0
6.485474708	0
5.02993415	0
4.929293567	0
5.677808178	0
5.711605358	0
6.513545921	0
6.241777401	0
6.128728317	0
3.836233082	0
4.830794677	0
5.178567287	0
4.423013572	0
4.64524416	0
4.655323373	0
4.605028859	0
5.114883689	0
5.590511038	0
5.713190666	0
6.084648237	0
1.520542153	0
2.413431235	0
2.400372581	0
2.55307276	0
2.740946144	0
3.048375854	0
2.564189812	0
1.798510715	0
1.923021944	0
1.271363502	0
1.85458424	0
1.808772139	0
3.265523288	0
2.978752806	0
2.551336523	0
3.411719322	0
4.027400314	0
4.047731607	0
4.075167541	0
4.236838028	0
4.323221076	0
3.732321033	0
2.566212111	0
2.097836468	0
2.716356104	0
3.637408058	0
2.876256897	0
4.320452578	0
4.372875776	0
4.191475328	0
3.600999455	0
4.386181135	0
4.079451105	0
3.048994302	0
4.296432973	0
4.615479118	0
3.857699201	0
3.942526221	0
4.295407753	0
4.24438244	0
3.517027917	0
3.962013481	0
4.278676521	0
4.153647677	0
4.811208724	0
2.960269159	0
3.935152338	0
4.581717614	0
3.399815535	0
4.002345765	0
4.965544558	0
3.339819655	0
1.996628512	0
2.061069206	0
3.673926792	0
4.349401331	0
3.414173205	0
4.531264506	0
4.906832025	0
4.075191418	0
4.181270169	0
4.094749336	0
4.308144403	0
4.233353086	0
4.40014586	0
4.658356463	0
4.87616487	0
5.420571933	0
5.9337646	0
6.510845954	0
7.001368037	0
6.913576297	0
7.741947159	0
6.857107977	0
7.56795731	0
7.497653093	0
8.31224475	0
4.900264233	0
5.142108699	0
5.441030513	0
5.294545364	0
5.622629719	0
4.8233114	0
2.984394133	0
2.952094212	0
3.157306319	0
3.28581567	0
6.604938591	0
6.030257428	0
7.679227267	0
9.350833164	0
9.682992751	0
10.38703872	0
9.753599876	0
4.424016978	0
3.734140127	0
3.895301549	0
0.666824345	1
-0.265972571	1
1.838155698	0
1.9538784	0
1.925808084	0
2.791217316	0
6.009255942	0
6.990179114	0
7.639852189	0
7.911338589	0
6.719707587	0
6.322546261	0
2.889146682	0
2.526981354	0
2.913866637	0
2.850812697	0
3.27595645	0
3.330437257	0
2.731307438	0
1.632361171	0
0.906026803	1
0.56671049	1
1.244266593	0
11.24919191	0
3.798309013	0
2.076644428	0
1.933360742	0
2.300958982	0
2.520086148	0
2.498560776	0
1.383957737	0
2.304025015	0
2.115364726	0
2.250692089	0
5.591258561	0
5.781530924	0
6.000066751	0
6.582543035	0
6.708079544	0
6.965304175	0
6.436645587	0
6.183251591	0
5.855465721	0
6.416602347	0
4.789126706	0
2.420133752	0
2.205205506	0
2.569859785	0
3.165597333	0
2.148281091	0
2.041915265	0
3.509496206	0
2.231561363	0
3.314969987	0
4.397673568	0
3.452409076	0
3.371606809	0
2.325363435	0
3.440727395	0
3.954759644	0
3.873007941	0
4.233876551	0
3.752900092	0
3.311877649	0
3.337221889	0
3.916448802	0
3.59258599	0
2.010340504	0
4.514067876	0
4.763884995	0
3.707453661	0
4.073307032	0
4.165194854	0
3.383910151	0
3.335537861	0
3.487942306	0
3.415754857	0
19.63071324	0
8.002517487	0
8.133455875	0
6.106480464	0
6.443713579	0
6.481688239	0
5.980702626	0
7.009373439	0
6.581968291	0
6.712504713	0
6.235351409	0
3.58314686	0
3.542233173	0
3.192797564	0
3.878464427	0
3.321215332	0
3.863833776	0
4.03353032	0
4.418053095	0
4.521288365	0
4.379258739	0
4.944165841	0
5.709098457	0
10.90124288	0
11.98972883	0
9.090120663	0
4.402178357	0
4.402038371	0
6.894663572	0
8.963368205	0
6.894950938	0
6.694825214	0
4.267889612	0
5.940822085	0
4.222669557	0
4.17547337	0
3.935213608	0
3.929927877	0
4.674658421	0
2.875948825	0
0.634376442	1
2.902273613	0
1.900011617	0
0.231228478	1
-0.09380085	1
3.204537853	0
4.303785278	0
4.287951647	0
3.949331024	0
4.035762733	0
4.384180826	0
4.153859341	0
4.119415332	0
4.284107554	0
4.541434357	0
4.418982169	0
0.749507223	1
1.505005306	0
1.267289781	0
1.84282963	0
2.625161595	0
2.289627985	0
3.059931499	0
3.240204284	0
3.76468327	0
2.074468098	0
1.985615888	0
4.532111039	0
4.717783939	0
5.489990716	0
5.91131254	0
5.759160281	0
5.626593751	0
6.262557283	0
6.58389371	0
6.968857452	0
5.47091835	0
5.117239896	0
0.962228934	1
3.719048151	0
3.363380535	0
2.651000479	0
3.265290526	0
4.067435503	0
3.506178378	0
2.861614921	0
3.107055341	0
3.340713023	0
3.280367794	0
4.465734117	0
5.464902204	0
5.706127305	0
5.43526685	0
4.739351941	0
4.742182094	0
5.228943196	0
5.573449256	0
5.55783438	0
5.826020354	0
4.910459687	0
2.177948476	0
1.578549276	0
-0.071829363	1
-0.793901843	1
-5.409240377	1
-7.073968585	1
-2.411199068	1
-3.063519901	1
-4.116486259	1
-6.568568998	1
-6.083799524	1
3.860652156	0
4.89611893	0
5.403478943	0
3.994347801	0
5.857372448	0
5.779972186	0
5.938986035	0
5.829280033	0
6.059053807	0
6.972071165	0
6.157529322	0
2.928109191	0
2.559914738	0
2.806006837	0
3.182747363	0
2.432019932	0
2.793104504	0
2.728806583	0
2.649698462	0
2.415302422	0
2.456469717	0
2.924947832	0
2.530062542	0
3.01230389	0
3.479969599	0
3.435673698	0
3.086397812	0
3.239078744	0
3.773499928	0
3.587034049	0
3.382332691	0
4.248013164	0
4.275588359	0
5.501937422	0
5.894104152	0
5.107028043	0
5.251914291	0
6.118640264	0
5.625094839	0
4.965830027	0
6.098181647	0
6.888576983	0
7.65205954	0
8.046967717	0
4.674451134	0
4.610528271	0
5.212903638	0
5.735114189	0
5.120782497	0
5.737691644	0
6.155257726	0
5.777556355	0
5.932944543	0
6.411793849	0
5.159098899	0
6.495593927	0
6.076928832	0
7.025347199	0
7.410156726	0
8.120003872	0
10.337507	0
11.19482228	0
11.66978016	0
11.96875146	0
7.931348914	0
8.074199632	0
4.437386497	0
4.066019027	0
4.460349686	0
5.073880137	0
4.810532272	0
5.467811212	0
5.36214485	0
4.949716245	0
4.940366008	0
5.296827894	0
4.778626626	0
6.877521523	0
6.868201864	0
3.845055037	0
3.959156852	0
4.024044824	0
4.711605034	0
4.649930048	0
4.731828906	0
4.127136417	0
4.706817708	0
5.627995882	0
5.527025729	0
5.055796528	0
4.50449807	0
4.338056479	0
4.955454358	0
5.440551036	0
5.321053771	0
4.554197739	0
4.697162026	0
5.270783913	0
4.868292646	0
3.016145523	0
3.623072144	0
4.133848577	0
4.307897854	0
4.282590838	0
3.770712838	0
4.238517779	0
4.603578583	0
4.442576143	0
3.597030119	0
2.696433872	0
3.261557816	0
3.218829329	0
3.482590312	0
3.08913248	0
3.903366188	0
4.959927798	0
4.898400709	0
4.399373675	0
3.98672774	0
4.034235271	0
3.978048231	0
5.688502445	0
5.376854999	0
4.647170745	0
5.287643213	0
5.586093359	0
5.958418119	0
6.011463238	0
5.720911702	0
6.058668208	0
6.537021006	0
6.874504096	0
2.930081284	0
2.367453011	0
2.787463871	0
3.596621731	0
2.792694657	0
2.431262488	0
2.508864765	0
2.039577681	0
1.392110469	0
1.756775261	0
1.485283436	0
2.142737627	0
2.865385057	0
2.886456825	0
3.032333808	0
3.471684577	0
3.901510024	0
4.040059837	0
3.829142011	0
4.006208321	0
4.124158159	0
4.091264337	0
8.264475849	0
8.262180448	0
9.124373591	0
9.684069023	0
4.402479627	0
4.902958415	0
5.94805782	0
5.833584758	0
6.22774242	0
6.990141579	0
7.262421787	0
4.368794016	0
4.178550967	0
4.136469853	0
3.779914942	0
4.097078886	0
3.758895715	0
3.4059065	0
3.327080999	0
3.767363471	0
4.071275851	0
4.122181742	0
2.618435219	0
3.15879106	0
3.189276565	0
2.887629125	0
3.085878177	0
3.284980684	0
3.281219733	0
3.205417185	0
3.46003461	0
1.6892379	0
1.887439773	0
4.287554768	0
4.703292297	0
4.483899875	0
4.282469746	0
4.470072389	0
2.84992772	0
1.137504986	0
3.212390566	0
3.590659686	0
3.527369667	0
4.320574603	0
2.301238066	0
1.622608173	0
4.027109439	0
3.944689713	0
4.712943709	0
4.713951457	0
4.079498442	0
3.470359201	0
4.071029996	0
4.456655096	0
5.344779916	0
3.94914059	0
0.995075985	1
-2.125583296	1
2.179493323	0
2.716470818	0
3.25946805	0
3.486753354	0
3.671820055	0
3.537327627	0
4.206910018	0
4.431241399	0
5.940792095	0
2.764002516	0
3.206907347	0
3.695386965	0
3.64631852	0
4.259490643	0
4.047258189	0
3.222928918	0
3.599477814	0
3.527685319	0
5.416240345	0
4.507576545	0
1.886738516	0
2.153539806	0
2.239437866	0
2.380731607	0
2.40508993	0
2.402830343	0
2.630178924	0
3.061539466	0
3.357718754	0
3.229533044	0
3.528933437	0
2.966168222	0
3.965844689	0
3.489999842	0
4.482304966	0
4.672079218	0
4.389688793	0
4.10584128	0
4.760613129	0
5.098080855	0
2.778333475	0
2.030496303	0
2.338510812	0
2.569278995	0
1.314515186	0
2.667204257	0
2.454583796	0
2.562117885	0
2.853816403	0
3.909880804	0
4.520530537	0
5.101013495	0
3.719632129	0
4.808906732	0
4.981504322	0
4.208318298	0
4.999448414	0
5.851794363	0
5.691006364	0
5.806775624	0
7.459601858	0
7.635799443	0
3.523253405	0
2.910846811	0
3.178232993	0
3.166356167	0
3.433896363	0
2.602434247	0
3.07473445	0
3.43650655	0
3.493214941	0
3.831593724	0
3.277610913	0
1.734658539	0
1.85186347	0
2.383853361	0
2.539336618	0
2.318281654	0
2.570777862	0
3.693375017	0
3.941548288	0
2.911521612	0
3.574344722	0
3.902212098	0
2.039850617	0
1.792890762	0
2.268500447	0
2.861760356	0
2.327311903	0
3.050187828	0
3.56519062	0
3.834954445	0
1.52287157	0
3.009180359	0
3.427342965	0
4.076302261	0
3.271690993	0
4.151623548	0
4.862880381	0
4.516147699	0
4.621752655	0
5.39145645	0
5.171488341	0
4.565570876	0
4.673131988	0
5.730982088	0
4.290513265	0
4.57013765	0
5.446448421	0
5.034529642	0
5.195899384	0
5.187891579	0
5.177824749	0
5.131140142	0
4.913706036	0
3.726550342	0
2.264949992	0
1.929629519	0
2.179063828	0
2.614686182	0
2.801871015	0
3.150101033	0
3.473398375	0
3.490638839	0
2.721410394	0
3.679076661	0
3.545107042	0
2.533440309	0
1.639131804	0
2.045470195	0
2.515584142	0
1.502247564	0
2.633608518	0
2.889851881	0
2.357993509	0
2.149797993	0
3.146254731	0
3.355597324	0
3.75826051	0
5.151242478	0
5.095839564	0
4.270170424	0
4.431742602	0
5.369504436	0
4.906215661	0
4.635450187	0
5.110319565	0
5.386250729	0
4.862827965	0
1.729587782	0
1.189015199	0
1.785958457	0
2.143462771	0
2.147953772	0
2.860470496	0
2.895589488	0
2.736280734	0
1.855348678	0
3.058775913	0
3.473062793	0
2.882010299	0
2.629923964	0
2.877243831	0
3.077072758	0
2.926148218	0
3.470001968	0
4.121285785	0
3.731953544	0
3.431636055	0
4.357660094	0
4.654179837	0
3.006388581	0
3.099396971	0
2.672656969	0
2.977504842	0
2.11295165	0
2.767265256	0
3.376367769	0
3.366309155	0
2.959942718	0
3.632805039	0
3.666433492	0
2.113908332	0
1.354251815	0
3.696692391	0
3.6570807	0
3.566693667	0
3.33357961	0
3.686378205	0
3.639881958	0
2.979613907	0
2.974879489	0
2.968599842	0
1.142408931	0
0.614096107	1
0.193622442	1
2.273139643	0
1.72930601	0
1.625178905	0
1.70739967	0
1.942514299	0
1.891200823	0
1.556386565	0
2.013138967	0
4.42363587	0
4.658809033	0
4.256375108	0
3.647166958	0
4.178577831	0
3.996208418	0
4.250212005	0
4.642261178	0
4.936495183	0
3.954764897	0
0.908637773	1
-1.822305729	1
1.366121464	0
1.709086149	0
1.641848648	0
2.256981832	0
1.665526056	0
0.815364555	1
1.479981288	0
2.141581179	0
9.220212462	0
2.112079455	0
2.274835988	0
1.902516297	0
2.516278029	0
2.861680558	0
2.548614806	0
2.70365748	0
2.900992368	0
2.898550733	0
0.912026699	1
0.370511351	1
0.49455097	1
1.488235196	0
2.122091416	0
2.179792067	0
2.562219241	0
2.152071966	0
1.777232888	0
2.246046581	0
2.474252392	0
2.181392168	0
5.692838786	0
6.177720478	0
5.673496918	0
6.560334567	0
7.246163159	0
7.378751256	0
7.537626278	0
8.440967584	0
8.944763542	0
7.30758807	0
3.087674848	0
4.273735309	0
4.732593083	0
4.845876523	0
4.404498205	0
5.149338194	0
4.705153851	0
4.567455622	0
6.708286493	0
5.784750863	0
4.683756005	0
2.142752775	0
3.584988384	0
3.238592812	0
2.92567065	0
3.148794339	0
3.965308091	0
3.465217082	0
3.806429483	0
3.872166192	0
3.990911946	0
3.524883121	0
1.730160854	0
2.355996496	0
3.590561137	0
3.595468383	0
4.179022818	0
4.526530675	0
4.503176485	0
5.125525748	0
4.560500942	0
5.130662462	0
4.696206713	0
5.548260122	0
7.209432219	0
8.21934351	0
7.762819518	0
9.429378722	0
10.74998114	0
10.91617914	0
11.88052967	0
13.86334089	0
13.76320187	0
13.65593257	0
4.028310778	0
5.110099413	0
5.942781757	0
6.816392961	0
5.989882671	0
7.385463179	0
5.29012311	0
4.927923305	0
4.374309792	0
5.778494305	0
5.318787567	0
3.58135326	0
3.694635721	0
3.816079921	0
3.545018401	0
4.060764572	0
5.024223999	0
5.335335386	0
5.017555602	0
5.72282103	0
5.082804267	0
4.157560035	0
4.694613278	0
5.364012336	0
5.753023245	0
5.634643054	0
5.198198128	0
5.095943841	0
1.986536153	0
2.537686866	0
1.841227411	0
1.463969026	0
1.794998584	0
1.045034955	1
1.513053862	0
2.5603449	0
1.270731816	0
1.640250498	0
1.619908432	0
1.108327581	0
1.562571312	0
1.497390211	0
2.526614943	0
5.95944448	0
6.302655603	0
6.126432525	0
5.992955955	0
5.401053417	0
5.039593863	0
4.14684225	0
4.897431221	0
4.94189995	0
4.947173339	0
5.28525777	0
2.29167123	0
2.932956268	0
3.03173661	0
2.877691018	0
3.208074758	0
3.442235868	0
3.815530611	0
3.211502465	0
3.329162655	0
3.53604904	0
3.491325289	0
2.697776523	0
3.086266892	0
3.248095896	0
3.233543781	0
3.47120005	0
3.980412513	0
4.169516582	0
4.767324283	0
4.906890174	0
5.071635979	0
4.76848124	0
1.700660719	0
2.46582053	0
2.407052743	0
1.998664788	0
2.895381342	0
3.629215716	0
3.39989333	0
3.034222473	0
3.048687683	0
3.482374029	0
3.954382186	0
3.797263383	0
3.064750597	0
4.200966509	0
4.397714048	0
4.398764792	0
4.241426353	0
1.76921116	0
1.846553357	0
2.869700408	0
3.236293387	0
4.152684674	0
4.34240845	0
3.601380578	0
1.714838463	0
1.843362714	0
3.856642172	0
4.346050979	0
4.972268885	0
4.561774736	0
5.056749792	0
5.694422105	0
6.325586288	0
4.842699627	0
4.204635816	0
4.669586803	0
5.013811536	0
3.833689137	0
4.434296643	0
5.114902039	0
5.43139962	0
3.43866892	0
4.437470323	0
4.959053079	0
2.476765177	0
2.900141365	0
3.181801764	0
3.31809058	0
3.94495096	0
4.18869741	0
3.865351584	0
3.171320455	0
3.305544285	0
3.494532791	0
3.468787744	0
3.789889066	0
2.859270871	0
2.871213649	0
3.248088897	0
3.187811642	0
3.101546679	0
3.259488499	0
3.048584762	0
2.579450615	0
2.493288576	0
2.451193244	0
4.290580444	0
4.287506741	0
4.808643764	0
5.111272811	0
5.437641175	0
5.268035627	0
5.105079885	0
4.631988535	0
5.284973983	0
5.260398907	0
5.294077021	0
2.030524154	0
3.381872194	0
3.503539659	0
3.009312043	0
3.300613239	0
3.199463049	0
3.105771607	0
2.703456108	0
3.035974337	0
3.726506075	0
2.495072073	0
4.908227327	0
4.925534231	0
5.00969487	0
5.25039193	0
5.393711883	0
6.201630999	0
6.965450204	0
6.148341395	0
6.214605213	0
4.195908246	0
4.614126153	0
3.905286342	0
3.879404801	0
4.485648528	0
4.846572047	0
4.751709849	0
4.630206248	0
4.176513954	0
4.426772649	0
4.572870188	0
4.790762316	0
5.071588161	0
3.240054225	0
3.219646053	0
3.555171001	0
2.775154129	0
3.664274227	0
4.733676254	0
4.054455805	0
3.918309695	0
3.607905334	0
4.553524561	0
4.154970869	0
3.915774627	0
3.6526685	0
3.752238944	0
3.68211523	0
4.004114107	0
4.035376425	0
0.483734306	1
0.635362736	1
0.824887983	1
0.319065001	1
1.16289434	0
0.206716251	1
0.984662504	1
0.706970995	1
0.912039866	1
0.587931274	1
0.1808311	1
0.202527294	1
0.572638759	1
1.248301647	0
0.557451472	1
0.472221976	1
4.940146661	0
5.198349774	0
5.357705515	0
5.255831327	0
5.427199446	0
4.583578575	0
4.817730951	0
4.393981075	0
4.820883799	0
5.17424342	0
5.104929975	0
4.146209978	0
5.932069613	0
5.572499031	0
4.924554358	0
4.27557773	0
4.561643201	0
6.225145114	0
6.86337754	0
7.053439561	0
7.470679819	0
7.216555026	0
3.490320437	0
3.377631456	0
4.160135607	0
4.335258833	0
3.746286958	0
3.831976223	0
4.332556242	0
4.638146132	0
4.627897146	0
5.158069583	0
4.240436882	0
3.812956667	0
4.534827866	0
4.806640791	0
4.829950168	0
5.687865629	0
5.468453434	0
5.744359588	0
5.464119254	0
6.3504869	0
6.95649694	0
5.592553112	0
5.296250251	0
5.536532954	0
5.622158735	0
5.418811785	0
5.323354728	0
4.989313622	0
3.714195412	0
4.556969192	0
3.884692405	0
5.019343677	0
3.823384621	0
2.580358474	0
4.731434882	0
4.627949483	0
3.626949157	0
3.869527454	0
4.05233423	0
3.589430106	0
3.072691379	0
2.707023091	0
3.810295726	0
4.23932006	0
3.103295983	0
2.29127186	0
3.890301935	0
4.406696941	0
3.886270345	0
2.901824514	0
4.857395708	0
4.439181794	0
4.076231687	0
5.01933643	0
5.034902697	0
1.953653567	0
1.63870364	0
2.203087301	0
2.596116029	0
3.014870892	0
3.029399529	0
3.341930361	0
2.432147049	0
2.48522501	0
2.2189823	0
2.899472911	0
4.816094712	0
2.81130177	0
2.506034313	0
2.816246317	0
25.30513	0
24.40320795	0
1.207395075	0
8.41673284	0
2.399938456	0
1.817876079	0
6.480947985	0
6.648538013	0
5.362925209	0
5.352706087	0
5.87152949	0
5.919400153	0
6.777466935	0
5.942181124	0
6.674081218	0
6.959880257	0
5.527063216	0
5.645955502	0
6.105414379	0
4.35280182	0
4.637773459	0
3.949005592	0
4.306391996	0
3.212278703	0
3.977731914	0
3.396586846	0
3.195622076	0
3.253137587	0
2.950892634	0
3.108566528	0
3.038534584	0
2.856584662	0
3.469010587	0
3.520036711	0
4.207735355	0
3.533255306	0
3.688133664	0
4.097434512	0
3.060587126	0
2.466317453	0
2.701148564	0
3.333768544	0
2.735784886	0
2.442254798	0
2.753965371	0
2.373830562	0
1.765713837	0
2.393890723	0
3.109842631	0
3.370681789	0
3.52340399	0
2.900677192	0
3.544460268	0
3.674452388	0
3.293521899	0
3.161135557	0
3.199395478	0
3.395068991	0
3.023043875	0
1.680119748	0
1.380836634	0
1.548110738	0
2.045051686	0
2.34101475	0
3.502592801	0
2.904132296	0
2.28519586	0
1.595016675	0
2.084532558	0
2.080005194	0
3.682925453	0
4.529240779	0
4.5127089	0
4.172244904	0
4.126624878	0
4.008013309	0
4.162055338	0
4.33173914	0
4.445283237	0
4.120472469	0
4.120665674	0
3.905656062	0
2.930758803	0
3.940376897	0
5.623860076	0
5.363670693	0
5.71559757	0
5.263882756	0
5.350215589	0
5.545359394	0
6.202502686	0
5.330495534	0
5.608093345	0
5.897384655	0
5.985686451	0
0.076705779	1
2.541224455	0
2.972277758	0
3.479115451	0
2.668637983	0
4.042174794	0
3.991703802	0
4.338154743	0
3.884915272	0
5.21031426	0
5.136844164	0
4.080844766	0
2499.878598	0
3172.841103	0
3.870815312	0
3.849808085	0
3.432815642	0
3.533733173	0
3.937668888	0
4.172245814	0
4.132179088	0
4.62503635	0
4.647135821	0
3.528892099	0
4.254614127	0
4.51683954	0
4.344241188	0
2.792661711	0
3.025570238	0
3.396634355	0
3.888093722	0
3.591635057	0
3.390879056	0
3.516893667	0
4.343848338	0
4.968913877	0
5.365791712	0
5.220149138	0
5.446287371	0
5.604475068	0
5.708099125	0
5.956139821	0
6.095240864	0
6.610409315	0
6.707928463	0
2.781250453	0
2.574842063	0
2.696046107	0
2.808978271	0
3.002867081	0
4.029435971	0
4.343844305	0
4.189389124	0
4.609616226	0
4.896032057	0
4.60332987	0
4.350703171	0
3.471205232	0
3.74846438	0
3.412327187	0
4.018255584	0
4.727658765	0
4.793665287	0
4.070978823	0
4.491828676	0
4.677484467	0
4.77212918	0
3.925668521	0
4.092637526	0
4.245880207	0
4.020591027	0
4.711091211	0
4.956879894	0
4.984937657	0
4.007862315	0
4.809098225	0
4.90344819	0
4.342060697	0
1.730337163	0
3.606416073	0
3.803230028	0
3.719192745	0
3.947690285	0
4.301129559	0
4.11493413	0
4.190594045	0
4.811185097	0
5.371933328	0
4.773132975	0
5.747166805	0
4.370670662	0
4.406932801	0
4.606127591	0
5.002200358	0
5.512919125	0
5.351675302	0
5.690090695	0
6.281749811	0
6.779777982	0
4.28052609	0
35.72753956	0
4.689498346	0
4.436619241	0
4.98905555	0
4.684486529	0
5.407918056	0
5.29522893	0
4.898869025	0
5.641146759	0
6.111781893	0
1.983251665	0
2.226098967	0
2.405720059	0
2.044363071	0
2.317747699	0
2.80079286	0
2.965047047	0
2.915894606	0
3.152699523	0
3.524295919	0
3.824281181	0
5.262234105	0
5.702609647	0
6.004359579	0
6.066314607	0
6.68255491	0
7.188705105	0
7.610562426	0
8.107554113	0
7.907252923	0
7.227097656	0
7.089448959	0
1.215608231	0
1.450980521	0
1.323692667	0
1.431877101	0
1.360116843	0
0.366134893	1
-0.229374883	1
0.975242097	1
-0.338276482	1
-1.28848841	1
-0.781206768	1
4.084102399	0
4.54709619	0
1.86938341	0
3.493794528	0
3.434352663	0
3.266620289	0
4.175175839	0
5.34887747	0
4.189022888	0
3.779622337	0
4.399279726	0
5.840712451	0
4.959696239	0
2.204838035	0
2.296421373	0
3.464099871	0
3.292745912	0
3.190825843	0
3.36549048	0
4.004412438	0
4.355593237	0
4.515513149	0
4.58269647	0
4.472667885	0
2.195381882	0
2.65635738	0
2.843943796	0
2.769817913	0
2.593248313	0
2.46333019	0
2.98915917	0
3.254048736	0
2.56018222	0
3.23867736	0
3.183960051	0
6.007155254	0
6.175426224	0
6.735923728	0
7.12430067	0
7.504849252	0
6.783455387	0
3.042637376	0
3.88545925	0
4.339588596	0
4.1092675	0
4.118535439	0
6.069412284	0
5.033916456	0
3.172530586	0
3.497514688	0
3.366925263	0
3.043307167	0
3.17261286	0
3.128525708	0
2.63332852	0
2.215634198	0
3.073835835	0
2.530758763	0
2.213832291	0
2.353188584	0
2.933419925	0
3.073850533	0
3.181379409	0
2.763923309	0
2.852642459	0
3.087955238	0
3.449613056	0
2.416256181	0
2.422347039	0
3.238735486	0
2.495378701	0
2.634538151	0
2.991724681	0
3.302848992	0
3.433544556	0
3.218537408	0
3.522378832	0
3.31315508	0
3.450917708	0
1.416984353	0
3.303701921	0
3.79148105	0
3.641868745	0
3.902902931	0
4.303037814	0
3.565687275	0
3.258196483	0
3.565036332	0
2.728049561	0
3.086102642	0
3.547695178	0
3.473491022	0
3.302008704	0
3.176947484	0
2.969085016	0
3.80248741	0
3.971330046	0
3.774926866	0
3.256311823	0
2.514911119	0
2.662002306	0
3.697910462	0
3.558788423	0
3.819995725	0
4.106381092	0
4.02717499	0
4.339211009	0
4.673272201	0
5.292573896	0
5.377359809	0
5.097000798	0
3.300790245	0
4.993575102	0
5.005530721	0
4.530535692	0
4.748436564	0
4.750640335	0
4.55004112	0
3.908722857	0
4.961748414	0
5.24798751	0
7.109819754	0
6.913962148	0
4.663446026	0
5.44485362	0
5.567238485	0
5.74877184	0
5.581505664	0
5.30131879	0
5.919245356	0
5.378932133	0
5.104781212	0
2.364498938	0
3.388514391	0
3.307207504	0
3.575693502	0
3.4622512	0
3.724051944	0
3.231695804	0
2.952555147	0
3.525259174	0
4.360211414	0
3.794349393	0
1.617803916	0
1.671302484	0
2.064032141	0
1.733553212	0
2.133951782	0
2.89093536	0
2.985924482	0
2.849270855	0
3.586410485	0
4.228245879	0
3.801558857	0
3.414981214	0
3.592792713	0
3.669823845	0
2.623868413	0
2.837616522	0
2.875405138	0
2.997592322	0
2.960583634	0
3.110624608	0
4.178936697	0
4.093141095	0
1.798798312	0
1.242050691	0
2.289534356	0
2.573758262	0
1.598979914	0
2.325497896	0
2.292442225	0
2.162661026	0
2.310464403	0
2.462883952	0
2.489342532	0
3.733929263	0
4.095920854	0
4.296910345	0
4.907690819	0
5.262988542	0
5.38147152	0
4.875912303	0
4.705324284	0
4.061010543	0
3.8519762	0
2.822453717	0
3.535741825	0
2.642120374	0
3.43665343	0
3.26489659	0
2.922965104	0
2.240885003	0
3.260057869	0
1.292869193	0
-0.285239219	1
3.980775152	0
4.731089265	0
4.853272207	0
4.622361784	0
4.957459563	0
5.086974605	0
5.520519878	0
4.925519808	0
5.008525205	0
4.346296758	0
1.665931126	0
7.192966161	0
7.944808183	0
8.066615557	0
7.146049316	0
6.713362497	0
5.458267186	0
3.380462495	0
5.041066928	0
5.254274786	0
3.326007588	0
0.416883776	1
7.850218791	0
7.555392288	0
6.267627121	0
6.062881867	0
6.102190164	0
6.742564112	0
9.482262301	0
9.496987998	0
7.108701566	0
7.350379202	0
7.852007236	0
5.434670566	0
6.145072787	0
6.333069022	0
5.901216201	0
5.711743197	0
6.224462561	0
6.47016161	0
6.634284621	0
6.631844915	0
5.002229455	0
4.9491873	0
1.816453156	0
2.711976014	0
3.111763693	0
2.931973439	0
3.144597573	0
4.131734893	0
4.009440421	0
3.890389762	0
3.914295283	0
3.940603987	0
3.950577077	0
5.093213474	0
6.151086564	0
6.910148209	0
6.102561498	0
5.105525032	0
5.580243685	0
6.018911549	0
6.19393847	0
6.555972076	0
6.161388291	0
4.550714095	0
6.042239678	0
5.925548074	0
6.599310068	0
7.151993151	0
5.707607911	0
5.660283389	0
5.911946697	0
6.109324823	0
6.627027651	0
6.088315522	0
6.344999662	0
5.14869174	0
6.004707904	0
6.579737854	0
4.886208487	0
5.287620465	0
5.687450703	0
6.26915879	0
6.590122284	0
6.482712906	0
5.186417918	0
5.167544212	0
4.050782688	0
4.419951827	0
3.917545485	0
4.72745037	0
4.936960502	0
5.491161934	0
5.490617347	0
5.43137271	0
5.180521142	0
4.573359822	0
3.387084918	0
3.236201504	0
3.798388003	0
4.075276305	0
3.976520691	0
4.211800592	0
4.24649947	0
4.25240514	0
4.328119174	0
4.709309197	0
5.317074825	0
2.62430328	0
4.268171509	0
4.665579557	0
4.296467233	0
5.137190349	0
5.049619341	0
4.863519611	0
4.668314022	0
3.746229465	0
4.893319423	0
4.124645	0
5.195872571	0
5.074245264	0
5.525822396	0
5.96891895	0
6.22738199	0
7.810834808	0
7.61368739	0
7.447407161	0
7.19925429	0
8.292598095	0
9.867754635	0
7.577002441	0
2.661882798	0
3.474161316	0
3.157448717	0
4.084653819	0
4.415808733	0
4.838238214	0
5.291755628	0
4.838565752	0
4.960287441	0
2.798840553	0
2.895246835	0
5.009968755	0
4.327997419	0
3.887257078	0
3.689008361	0
3.92388864	0
3.583280907	0
3.451149913	0
1.14835931	0
0.51103136	1
4.169383801	0
4.202307717	0
2.964845097	0
2.699013998	0
2.62916681	0
2.425037833	0
2.63664663	0
2.931285539	0
2.775739099	0
2.80562949	0
2.453967461	0
5.073930727	0
5.259552831	0
5.736356919	0
6.013456918	0
6.032457045	0
6.123902512	0
5.769730949	0
5.970034489	0
5.396814226	0
3.803565863	0
4.775811596	0
2.304340247	0
2.754286371	0
2.726831953	0
2.419086409	0
2.775511776	0
2.767762778	0
2.619131488	0
2.738911886	0
2.18622179	0
2.254618865	0
2.384254662	0
4.899379375	0
4.194472168	0
3.893189182	0
3.588286067	0
3.383753021	0
2.805895845	0
5.367383054	0
4.654911384	0
4.912018323	0
5.230346596	0
5.034830984	0
7.38930191	0
5.829689681	0
5.098418689	0
5.091045755	0
4.736317867	0
4.938473215	0
4.915470322	0
4.988958656	0
4.464248543	0
4.314811611	0
5.087856282	0
3.654905279	0
2.957630472	0
3.363576823	0
4.15245133	0
2.76780408	0
3.843328831	0
3.966721121	0
2.363879377	0
1.84499546	0
3.076743495	0
3.160922912	0
3.251919353	0
2.581979313	0
2.979449031	0
3.659637912	0
3.888486353	0
5.334883344	0
5.563238996	0
5.995783183	0
5.670510072	0
6.309554238	0
6.92153455	0
2.568198884	0
3.183196401	0
3.473307006	0
3.199448262	0
3.015689178	0
2.574900181	0
2.292296859	0
1.722475871	0
1.557132087	0
2.235395811	0
2.111861812	0
3.427180066	0
3.1961839	0
3.921356082	0
4.614783061	0
4.688920478	0
5.119203626	0
3.448162026	0
3.077906871	0
2.463418112	0
2.903958818	0
3.008612574	0
2.264608103	0
2.071420622	0
1.801147478	0
2.008954447	0
3.289578513	0
3.213448004	0
3.234563224	0
3.401774299	0
3.544843985	0
3.578546315	0
3.459518816	0
4.69922324	0
3.701662441	0
4.57846904	0
5.304180286	0
4.900691114	0
5.4625545	0
5.760527519	0
5.966582569	0
5.3681804	0
5.313127862	0
5.943335604	0
25.28008858	0
2.565238061	0
1.571889522	0
2.008028309	0
2.315847757	0
2.000688913	0
0.441286882	1
1.093917912	1
1.083382453	1
0.299376728	1
-0.119412841	1
1.161537482	0
1.010886142	1
1.583980756	0
2.171697451	0
1.325426781	0
3.174349925	0
3.298720327	0
3.204734478	0
2.774233614	0
2.846018619	0
3.342053976	0
6.996314855	0
6.712460931	0
7.429527425	0
6.714454761	0
7.297734231	0
6.942364161	0
7.506803332	0
7.566785235	0
7.192181616	0
7.94311441	0
8.137219562	0
5.626995889	0
6.193646362	0
5.052693475	0
5.23590188	0
5.629735039	0
5.626698344	0
5.231256623	0
5.154125762	0
7.566705738	0
6.645806021	0
7.325046033	0
3.104752352	0
3.600662304	0
1.628567992	0
2.414021873	0
3.278772766	0
3.242358468	0
2.786962265	0
2.932881173	0
0.611254257	1
0.589700574	1
3.040486773	0
2.88664618	0
3.163969295	0
3.544514919	0
4.305485417	0
4.751291416	0
4.157697962	0
5.376710224	0
5.953974253	0
5.590452529	0
4.337116849	0
3.038076747	0
3.136183088	0
3.92769029	0
4.239413856	0
3.79760943	0
4.198660641	0
3.783449079	0
4.106485899	0
3.662971767	0
3.894573857	0
3.847344044	0
3.966247073	0
4.083128709	0
4.438902215	0
4.202815932	0
2.452126362	0
2.477331244	0
2.376972587	0
1.617958099	0
-1.116539515	1
-1.317646759	1
0.52141384	1
2.864476367	0
3.527680715	0
4.680951737	0
4.766067211	0
3.81654414	0
5.746505771	0
4.28120538	0
4.624655787	0
4.640142088	0
4.446267131	0
4.238648356	0
2.628491046	0
4.256671133	0
4.421282989	0
4.193574265	0
4.746956381	0
5.183859193	0
5.33541354	0
4.919697869	0
5.15972834	0
5.806551541	0
5.125319098	0
12.87928443	0
8.468947133	0
3.132648455	0
3.634857885	0
2.757531274	0
2.636586813	0
2.345570162	0
4.234314887	0
1.202382422	0
1.56198432	0
1.398101327	0
6.282930423	0
5.874812832	0
5.096628112	0
3.959108929	0
5.316582078	0
4.331373085	0
4.171402987	0
5.143383989	0
3.701765406	0
3.714066218	0
4.444268135	0
4.039496552	0
3.65500578	0
4.024138333	0
4.468376137	0
3.828654313	0
5.180411007	0
5.633061399	0
5.29227649	0
4.744349632	0
4.55032616	0
4.509691849	0
2.518580915	0
3.364652827	0
1.733258958	0
1.602037188	0
0.226769126	1
1.268707685	0
1.138403376	0
2.007412512	0
2.317997953	0
-1.744560195	1
-2.798025938	1
5.535975795	0
6.107623509	0
4.993783084	0
4.405859311	0
3.334966721	0
3.467218508	0
1.909876729	0
1.103086529	0
1.096913301	1
1.805658775	0
2.296013269	0
7.46865289	0
3.819718552	0
5.418247666	0
4.073621285	0
3.457051202	0
2.969933497	0
3.275780328	0
3.384346461	0
2.745449358	0
3.498712324	0
3.365606928	0
9.579942204	0
5.970825191	0
7.446021997	0
6.771180202	0
7.049345959	0
8.031702121	0
6.883107617	0
6.886959209	0
6.025642694	0
6.799343122	0
5.191174659	0
7.986917954	0
8.997038252	0
7.411333097	0
1.003040666	1
0.801978615	1
1.93363623	0
1.683081873	0
2.083791831	0
2.840907429	0
3.406201501	0
3.400341265	0
7.439552739	0
2.724811236	0
3.069942656	0
2.970314195	0
2.551430102	0
2.702445797	0
2.732692928	0
2.480150168	0
0.182688377	1
0.570122915	1
0.313416794	1
2.439422362	0
3.401864469	0
3.25841451	0
3.196893548	0
2.970093865	0
3.578988323	0
3.552881724	0
3.555241403	0
3.887995228	0
4.200463026	0
3.7825566	0
4.124545224	0
4.683351011	0
5.24304518	0
6.154402171	0
6.097913652	0
6.434334253	0
6.845693505	0
5.051617088	0
4.377180203	0
4.636697462	0
5.53111696	0
0.995098569	1
0.496592856	1
0.164862824	1
0.810062061	1
1.253861049	0
1.884614084	0
1.778698067	0
3.708256318	0
3.509674207	0
3.603051695	0
2.305275613	0
3.09563035	0
3.478871466	0
4.332201863	0
4.636891243	0
4.664130734	0
4.13107755	0
4.042900325	0
3.689643013	0
3.548418974	0
3.060353685	0
3.822728033	0
3.111025908	0
3.538344433	0
3.474004225	0
3.611852353	0
2.75325774	0
3.974287924	0
4.228630057	0
5.079161473	0
4.794754066	0
3.893901158	0
4.839479108	0
4.991774513	0
5.280040714	0
3.741676131	0
3.464964344	0
3.29242861	0
3.760972144	0
3.911073613	0
3.960902992	0
3.355520802	0
4.16329079	0
3.984063561	0
3.75842601	0
3.869148016	0
4.134177859	0
4.101488139	0
4.171294714	0
4.435367357	0
4.904717862	0
5.020813342	0
4.997312835	0
4.597978919	0
5.240404637	0
5.48142259	0
5.323021919	0
5.795904275	0
5.358995766	0
5.029524993	0
5.245448519	0
5.695075906	0
6.511848294	0
7.196747922	0
6.81807538	0
6.734308187	0
12.7936914	0
14.58135585	0
16.77389246	0
18.63836121	0
18.26571154	0
17.83067971	0
19.44710025	0
24.25564483	0
17.77101523	0
29.39202768	0
17.91478273	0
11.2264084	0
12.00559772	0
12.64687854	0
11.80809893	0
13.10963968	0
14.42959718	0
13.58886441	0
17.96212642	0
12.95753862	0
8.477657489	0
9.07664012	0
1.62763894	0
2.643498977	0
3.958006047	0
0.177292355	1
1.783527538	0
2.063105596	0
-1.31745128	1
1.48778786	0
0.03032673	1
-2.262882236	1
4.659986888	0
23.68525854	0
24.78628323	0
16.36725552	0
25.66492036	0
12.86988102	0
11.19937151	0
16.36043453	0
14.92683617	0
18.72934339	0
18.06970102	0
16.89558646	0
-0.208460656	1
0.702412436	1
2.734443009	0
4.603942601	0
3.732679548	0
5.655182189	0
4.044303253	0
2.528327603	0
3.990233245	0
4.964812703	0
2.908706954	0
0.435860815	1
2.555617084	0
2.811249447	0
2.746949348	0
2.273591789	0
3.551481007	0
2.86096587	0
2.763580487	0
2.208951777	0
2.68924783	0
2.614177377	0
5.326745564	0
5.48029239	0
4.857888977	0
4.56200744	0
4.357153949	0
4.785329143	0
4.39298389	0
3.686551033	0
3.842610656	0
4.619297064	0
4.979181254	0
1.698174615	0
2.529453748	0
2.681208242	0
2.476271694	0
2.515709746	0
2.855968082	0
2.704129403	0
2.778267823	0
2.62692853	0
2.960373235	0
2.55131662	0
4.055898242	0
3.977691989	0
3.019115202	0
2.110681506	0
2.095986034	0
2.614937263	0
1.659654909	0
3.404047121	0
2.809086749	0
1.365079414	0
-0.407331894	1
3.476682055	0
2.663176724	0
2.920630382	0
3.381047325	0
3.004519092	0
3.045892067	0
3.890375789	0
3.41765875	0
3.365730612	0
1.503102821	0
2.545369382	0
3.666942221	0
3.077440871	0
3.81219208	0
5.410736069	0
3.767848862	0
4.040635339	0
4.255614138	0
4.380267859	0
3.767427074	0
4.907149619	0
5.3787134	0
3.059771369	0
3.319457124	0
3.831040155	0
4.056569067	0
3.687092356	0
3.817152426	0
4.265043714	0
4.587274588	0
4.410206456	0
4.486821713	0
3.714046948	0
1.84633016	0
4.088125176	0
3.59757579	0
3.1453002	0
3.451147992	0
4.146941451	0
3.884993779	0
4.116005336	0
4.666438286	0
4.177540658	0
3.93429956	0
7.522415505	0
5.676991125	0
1.681045618	0
2.629929306	0
2.03800193	0
2.56512367	0
-0.021522289	1
0.702144914	1
-1.43465623	1
-1.336459644	1
-0.331449661	1
1.668105926	0
1.723430054	0
1.938499794	0
1.756550519	0
2.412324924	0
2.692132709	0
2.965285104	0
2.890683158	0
2.858384731	0
3.236191134	0
3.850313453	0
1.926410914	0
2.285863156	0
3.609491734	0
3.300647275	0
3.874168546	0
3.85404658	0
4.419837884	0
4.120516373	0
4.716774591	0
4.865190556	0
5.643928593	0
2.702882522	0
3.537518505	0
5.061829894	0
5.280307673	0
5.209649692	0
5.050987524	0
5.666493306	0
5.597184003	0
5.675927874	0
5.383858663	0
5.14459296	0
2.328868207	0
4.348683054	0
4.39594321	0
4.268548934	0
4.958237219	0
5.429586892	0
4.820537032	0
4.847235469	0
4.496532494	0
4.718890147	0
4.307327784	0
1.873652079	0
1.882254831	0
1.939706863	0
1.704250511	0
1.595620388	0
1.390429257	0
1.48625998	0
1.610798384	0
1.758075329	0
2.003740607	0
1.89563356	0
1.399960411	0
1.772724729	0
1.621845234	0
1.394865878	0
1.496378139	0
2.218843306	0
1.791781098	0
2.113591519	0
2.390513543	0
2.071170488	0
2.234445359	0
1.753412363	0
3.10390258	0
3.385108635	0
2.857553137	0
2.161654591	0
3.450056364	0
3.262709633	0
4.258011659	0
3.095527728	0
2.657786381	0
3.262466783	0
2.598667562	0
3.228529612	0
3.661291808	0
3.819815145	0
4.29104453	0
4.193632329	0
3.748276176	0
3.952085089	0
3.030641848	0
3.927780083	0
3.8667369	0
3.532727886	0
1.858904676	0
2.138985082	0
2.745617479	0
3.114197819	0
2.582617758	0
3.091075488	0
3.860743253	0
2.904114008	0
3.139838174	0
2.722694272	0
4.072551638	0
3.636512072	0
3.614420331	0
3.216201895	0
5.212433315	0
4.62366787	0
2.283251194	0
4.006998113	0
3.797976386	0
8.02370359	0
4.6939458	0
2.946440927	0
3.296290444	0
3.640202399	0
2.728322988	0
3.549083702	0
3.618240764	0
4.869990063	0
3.613239317	0
4.037015325	0
1.866760665	0
2.7639458	0
2.24929863	0
1.870429592	0
1.58639357	0
2.001270218	0
1.849075971	0
1.685112345	0
1.420691512	0
1.162613373	0
1.244700024	0
1.110647157	0
1.811332076	0
0.870516924	1
1.672381674	0
1.098759957	1
0.756299684	1
0.059965899	1
-0.195922387	1
0.338762344	1
-0.02248394	1
0.253374808	1
0.04177344	1
-0.402657265	1
2.725811421	0
2.519291627	0
2.855925581	0
3.262593063	0
3.636270629	0
3.890962076	0
3.824016223	0
3.522424298	0
2.99738072	0
3.062962364	0
3.262226994	0
3.873954464	0
4.961498955	0
5.59016722	0
5.160672951	0
5.763158685	0
5.520952174	0
5.378467375	0
5.186952878	0
5.292677236	0
5.581943034	0
4.860291315	0
2.015420063	0
2.353676542	0
1.973500855	0
2.055334791	0
1.257294686	0
0.934383209	1
1.28975787	0
0.281856948	1
-2.10699718	1
-1.333322916	1
1.689114347	0
3.938676291	0
4.235445804	0
4.089777488	0
3.976183592	0
5.142049619	0
3.830831431	0
3.757219293	0
4.221640657	0
4.382237881	0
4.514599167	0
2.795433264	0
2.861150523	0
2.747350592	0
2.75444026	0
2.173530426	0
1.766125029	0
0.989608147	1
1.392012588	0
1.283700064	0
1.141044151	0
1.157310633	0
4.429099375	0
4.371930788	0
4.471916618	0
4.936302371	0
4.792639103	0
5.078721578	0
5.76579963	0
6.148443043	0
6.534600518	0
6.628401489	0
6.87876428	0
4.153584887	0
3.120050758	0
3.153262882	0
2.537443364	0
2.617761572	0
2.061409462	0
2.005783623	0
2.242714659	0
2.460528149	0
2.966622991	0
2.920807037	0
2.410734871	0
1.692465413	0
2.138276849	0
3.813902013	0
2.935121496	0
3.865249758	0
4.073284274	0
3.857451291	0
3.385746013	0
4.117484434	0
3.94031067	0
3.051182558	0
2.672277742	0
2.041474698	0
1.919124293	0
1.900325607	0
1.550471518	0
2.346192435	0
2.56909571	0
2.335800296	0
3.173615018	0
2.86039268	0
2.636664395	0
3.264560918	0
5.785023396	0
5.178489192	0
4.727184447	0
5.664657488	0
3.813633327	0
4.518248596	0
3.975163972	0
4.225305182	0
3.918420907	0
4.823873522	0
3.785987785	0
2.325840522	0
3.972505371	0
2.558508384	0
2.060331045	0
2.564203201	0
2.925964434	0
2.580350566	0
2.521651182	0
2.752127695	0
2.712544995	0
2.885626832	0
3.895511866	0
4.509241824	0
4.473440297	0
5.126159068	0
5.272658872	0
5.469233698	0
5.399377661	0
4.998238296	0
4.903120741	0
5.679962774	0
5.610090515	0
1.463932742	0
3.268598222	0
3.200818028	0
3.081922085	0
2.820573144	0
3.308393511	0
1.648586059	0
2.198434015	0
2.17770457	0
2.484421012	0
2.962237424	0
2.85634731	0
3.700988181	0
3.417455403	0
3.168009519	0
3.97590506	0
5.179870158	0
3.836097237	0
4.91368237	0
4.725669035	0
4.298414457	0
1.348097995	0
2.528115872	0
2.447982974	0
3.534737208	0
4.391508647	0
4.457099372	0
5.140439929	0
5.626889418	0
6.032725935	0
7.297648818	0
7.629174278	0
7.78198276	0
2.955982727	0
2.929482254	0
3.430731906	0
3.396113387	0
3.733489524	0
3.451435529	0
3.826270646	0
3.896638834	0
4.217776806	0
4.35453182	0
4.763929703	0
2.804969579	0
3.600349211	0
3.64775695	0
3.406690831	0
3.683321456	0
3.497195344	0
3.577953006	0
3.165199797	0
4.512596911	0
3.292389378	0
2.879987456	0
2.853783863	0
3.487294762	0
3.466107227	0
3.745308594	0
4.17384977	0
3.751932826	0
5.116378607	0
6.274232366	0
5.699946044	0
4.978852213	0
4.963110835	0
2.553122645	0
3.544050855	0
3.88683351	0
4.809910699	0
4.643776383	0
4.682249932	0
2.882477141	0
2.891885351	0
2.624106204	0
1.154979773	0
1.414926182	0
2.473154777	0
2.603166052	0
2.007552933	0
2.830156184	0
2.188894456	0
2.513410829	0
2.223178606	0
1.829914888	0
2.213971654	0
2.982326951	0
3.033539302	0
3.058720697	0
5.327138627	0
5.778576918	0
5.597395067	0
5.897136816	0
7.144745867	0
6.038893017	0
6.337616985	0
6.393479069	0
6.723932671	0
5.39155675	0
3.821148885	0
3.420941576	0
3.757682932	0
4.049649012	0
5.037483	0
5.480211091	0
5.234861894	0
5.54299358	0
6.14067911	0
6.396849708	0
6.319829295	0
3.170977813	0
3.180142681	0
3.077685547	0
2.748837201	0
2.624558723	0
2.608693056	0
2.76290619	0
3.198345564	0
3.055355647	0
3.218820624	0
2.640171425	0
3.993815147	0
3.674753153	0
2.830957323	0
2.860345504	0
2.123942115	0
2.123485948	0
1.68716822	0
1.090213396	1
0.015404804	1
1.005623683	1
0.200345217	1
6.340816953	0
4.773998647	0
6.739670226	0
6.787624688	0
6.590325927	0
7.463290361	0
7.365994661	0
6.455252773	0
6.156772667	0
6.952198235	0
7.686756528	0
2.671473628	0
1.58799894	0
2.685127442	0
2.881194167	0
2.60441468	0
3.594554958	0
3.799410297	0
4.278875092	0
3.574221173	0
4.511370516	0
4.461630262	0
2.173214076	0
1.845062775	0
2.097376619	0
2.500825819	0
2.047625258	0
2.18506425	0
2.267256757	0
2.55861957	0
2.435372732	0
3.10250163	0
3.014386243	0
-0.375814885	1
1.409456711	0
2.466622621	0
1.791566165	0
3.048094443	0
6.583223006	0
5.475710185	0
5.777129033	0
6.085538883	0
18.60347882	0
14.62431212	0
2.298884279	0
3.352203334	0
3.922168616	0
4.36031555	0
4.530563304	0
5.157500233	0
3.707652646	0
4.096201619	0
3.072877772	0
2.914904538	0
3.694952942	0
2.917233478	0
2.19122122	0
2.415612967	0
2.644737977	0
2.892765194	0
3.134445802	0
3.014283986	0
2.939981689	0
2.878720949	0
3.10664539	0
3.417510386	0
2.692719979	0
3.341186467	0
3.441060376	0
3.083178956	0
2.667432804	0
2.34111057	0
2.533257614	0
3.719051984	0
3.618743041	0
2.550351069	0
1.797608668	0